Date,Close,High,Low,Volume
2002-07-07,13.474863052368164,14.020944387241697,13.02471601356575,298082
2002-07-14,13.430586051940917,13.947149010906786,12.914024070199941,212974
2002-07-21,12.596709823608398,13.135408069486456,12.323671685165154,112052
2002-07-28,11.903042411804199,12.360568464223872,11.659520451607412,184397
2002-08-04,11.777592086791993,12.545054197311401,11.438137652745576,168493
2002-08-11,11.991594886779785,12.360566719631823,11.696417213449982,107668
2002-08-18,11.932561302185059,12.139185711453614,11.511932368448015,53814
2002-08-25,11.903042221069336,12.360567792309453,11.475035009468911,143277
2002-09-01,11.821868515014648,12.397464446593073,11.696419762179204,99178
2002-09-08,11.821867561340332,11.991595009377502,11.733313864739534,71087
2002-09-15,12.412224006652831,14.463711333605426,11.807108534176548,192307
2002-09-22,12.849654388427734,13.625858335832017,12.343425838751559,178039
2002-09-29,11.87854232788086,12.784260546076256,11.42167577719138,160881
2002-10-06,11.654117202758789,12.223196984025924,10.860611939039181,59838
2002-10-13,11.630071067810059,11.902589721570578,11.221294419480639,85225
2002-10-20,11.173203659057616,11.622056892939977,11.02091404402792,60401
2002-10-27,10.972822761535644,11.221294368819787,10.820533770826211,80030
2002-11-03,11.189233779907227,11.581978834009105,10.219393223723921,90431
2002-11-10,11.59801082611084,12.143045380664582,11.221295500398549,71978
2002-11-17,11.437707138061523,11.822437162463853,11.141143888165711,67916
2002-11-24,11.54190444946289,11.822436236942961,11.261372555136118,44360
2002-12-01,12.32739486694336,12.784262639647721,11.822436426835216,121545
2002-12-08,12.535788917541504,13.225097369236012,12.102968287383161,109785
2002-12-15,12.768231391906738,13.305251927956077,12.022818547922254,170505
2002-12-22,13.136930084228515,13.625858191287879,12.503730914673561,254521
2002-12-29,13.080823707580567,13.545704759865675,12.824337064302885,131815
2003-01-05,12.455637741088868,12.904487428891096,12.263274179564178,328807
2003-01-12,12.311364364624023,12.784260728377152,12.102968077354598,225271
2003-01-19,13.313264846801758,14.1869226104311,12.30335039135295,731879
2003-01-26,14.130816841125489,15.148746392344341,13.024716315011492,673928
2003-02-02,12.591895866394044,13.3052499387574,12.223197077196424,530901
2003-02-09,12.992655944824218,13.38540242237818,12.583879700983557,247035
2003-02-16,12.880445098876953,13.185024056403106,12.58387954615793,270381
2003-02-23,13.16097583770752,13.946466373603526,12.824336927183978,266908
2003-03-02,13.529674911499024,13.90638893064449,13.225098555672767,292441
2003-03-09,13.369370460510254,14.10677020298629,12.904488427107308,197914
2003-03-16,12.808307647705078,13.144947973305579,12.343426736777428,205114
2003-03-23,13.048764038085938,13.625860278948547,12.583882575327387,155643
2003-03-30,12.792278289794922,13.385405261532284,12.66403482942985,167392
2003-04-06,13.10486946105957,13.906390947002201,12.423577445873718,140768
2003-04-13,14.667836570739746,15.669739892932142,13.706011976178974,955129
2003-04-20,14.587685823440552,15.028522350185643,14.347229031221158,158277
2003-04-27,14.411349296569824,14.667836477236818,13.946466459335548,186567
2003-05-04,14.491501808166504,14.788067737189827,14.226997560385234,176597
2003-05-11,15.76591968536377,16.351029211168377,14.948367535876583,702438
2003-05-18,14.764016151428223,15.509432525900786,14.427377565648195,833298
2003-05-25,14.804094696044922,15.14875146642399,13.024716835832903,405080
2003-06-01,16.719729804992674,18.795669242003115,15.028519739903142,2074850
2003-06-08,16.206756591796875,17.07239924277404,15.228900232408263,646480
2003-06-15,15.926224327087402,16.511335279915265,15.389207682580821,432231
2003-06-22,15.886147689819335,16.31095675868563,15.549507110464566,283256
2003-06-29,15.293022346496581,16.030420146109943,14.467453570352227,452515
2003-07-06,16.21477165222168,17.312854386240865,15.309052644650643,1103405
2003-07-13,16.407137298583983,17.312858538139295,15.268978523992486,422986
2003-07-20,17.641478729248046,19.036122851901585,16.35103253031919,1281087
2003-07-27,18.731546783447264,19.917798444604845,18.074301110161162,1491692
2003-08-03,19.613220977783204,21.36054035209759,18.27468136700785,1987339
2003-08-10,20.567030715942384,21.641067167504623,19.957876244116413,987331
2003-08-17,20.150240325927733,20.839546193434373,19.63726635559124,585605
2003-08-24,21.344506454467773,23.24410917991237,19.436884858281207,1478883
2003-08-31,22.450606536865234,23.92540326482731,20.438789664141247,1108516
2003-09-07,21.144124221801757,22.60289355442044,20.23840540664784,709530
2003-09-14,21.551625442504882,23.63272908528646,20.518939846243878,910705
2003-09-21,20.619552612304688,22.704297322043494,18.99058170048092,386210
2003-09-28,19.80929069519043,21.944675694356864,18.69517627415219,268628
2003-10-05,20.265063095092774,21.269457343857077,19.24378858864039,287194
2003-10-12,20.543590927124022,21.269454470028332,19.876811379217127,680136
2003-10-19,20.484511184692384,21.438258693213225,19.91901314273287,527612
2003-10-26,20.180661392211913,21.396063399576924,19.497000975883825,383133
2003-11-02,19.387276458740235,20.552033478801217,18.526370299227636,776878
2003-11-09,21.65770606994629,23.210712729148494,20.76304051527217,1990332
2003-11-16,22.020637893676756,24.265745741037883,21.016245881131923,1802662
2003-11-23,26.890670776367188,29.709717979361276,22.70429920087832,7361122
2003-11-30,29.473386383056642,30.97575252680156,27.768452962744156,3019015
2003-12-07,32.33463745117187,36.25092002342668,28.99228715817041,8797271
2003-12-14,33.95516815185547,35.913309600978266,30.384939337651858,5248716
2003-12-21,34.824510192871095,35.78670642340375,33.128019926390195,2745769
2003-12-28,36.75733184814453,38.740799675424284,35.02708117594282,2962345
2004-01-04,36.807977294921876,39.41601780117836,35.44909661947121,3050182
2004-01-11,36.66449203491211,38.82519736986482,35.36469332229957,2830920
2004-01-18,40.3950813293457,42.6233073012449,37.13713892752578,11842299
2004-01-25,36.93457794189453,41.6948856664873,32.74821442579442,4051088
2004-02-01,36.208717346191406,37.55915516073053,34.8160707553056,1459217
2004-02-08,33.423431396484375,36.12431223071531,32.07298611762051,1539068
2004-02-15,35.356249237060545,36.293113603137456,33.84543721178873,1633190
2004-02-22,34.92579803466797,37.094941485048125,33.128025651635134,1086642
2004-02-29,32.469678497314455,34.014245330531445,31.735380980608983,3064484
2004-03-07,31.870421981811525,33.63443150515511,30.46933980729815,743641
2004-03-14,32.14895095825195,35.44908957509115,30.806947857249206,851018
2004-03-21,30.80695152282715,33.67664417918546,28.696882091756912,1650209
2004-03-28,30.173931121826172,32.07298681028684,28.696886497458234,1087810
2004-04-04,33.398110961914064,35.02708368849617,31.228962604486387,1575073
2004-04-11,34.66414260864258,35.871107582769575,33.80323028483265,1159013
2004-04-18,36.55476455688476,39.2894114668055,34.60506359657923,2784134
2004-04-25,40.943701934814456,44.69118236179402,38.82519448114727,8867413
2004-05-02,40.587100982666016,44.944388638871295,36.293125030372124,8160998
2004-05-09,47.830953979492186,53.17363840126129,41.56827813264204,27113184
2004-05-16,46.65775909423828,53.764461597807866,38.57199543564965,17643014
2004-05-23,40.099674987792966,44.69117939629498,32.49499706327423,11841477
2004-05-30,44.21852188110351,48.10947873612189,41.35727244675762,9543565
2004-06-06,41.948090362548825,44.56456619775699,37.896766933799334,6733316
2004-06-13,43.7711898803711,44.8599866011154,42.45450836919259,4564945
2004-06-20,44.09191665649414,45.95721771602753,40.513241895988806,3721393
2004-06-27,45.8559326171875,47.68747074645247,42.7077170363296,4552122
2004-07-04,45.02878952026367,49.713128551268404,41.77928352355957,9615935
2004-07-11,39.44977722167969,41.35728201135428,36.29311967265498,4899579
2004-07-18,39.66922225952148,41.779284356477625,38.57199081873665,1118659
2004-07-25,41.98185272216797,44.14255697606183,40.63984642680386,1662078
2004-08-01,42.615150451660156,45.02797111826639,36.46191835033056,3533989
2004-08-08,40.745896911621095,43.4387481898396,39.907140491722885,1377802
2004-08-15,37.98241500854492,40.613454576355316,35.80165608058375,1417708
2004-08-22,35.783990478515626,37.523301136062805,34.477297747183314,1084421
2004-08-29,34.05350341796875,36.72869585070416,32.270042381221096,1447134
2004-09-05,35.881108093261716,37.56744698166029,34.962882068022004,1425828
2004-09-12,36.19895477294922,37.25843535334575,35.536777153074816,1364220
2004-09-19,35.17479019165039,36.28724516322935,34.30071706959267,1588879
2004-09-26,35.898766326904294,37.21429096215956,34.34486679320245,2553972
2004-10-03,35.66038818359375,37.30257433985439,34.653880675126814,1635474
2004-10-10,36.137149810791016,37.39086852690434,34.78631171651862,2355032
2004-10-17,35.801652908325195,37.61160231315431,34.87460564602189,1037930
2004-10-24,34.52144145965576,35.88993871355293,34.03584050406334,658532
2004-10-31,33.38249816894531,34.52143084990268,31.828594545715113,1471844
2004-11-07,35.369024658203124,38.141339100532775,33.329527705763724,2395872
2004-11-14,35.554437255859376,36.9052766781745,34.47729628298501,1469093
2004-11-21,39.42154312133789,42.73242219526867,35.84580048312907,5518952
2004-11-28,41.143202781677246,43.571178938702964,39.64227341224156,2557761
2004-12-05,41.24915084838867,42.73242962966835,39.33325861600859,3374588
2004-12-12,43.31513900756836,47.23521951355261,40.613461721972165,6402614
2004-12-19,45.79608917236328,49.13345144308453,37.611593080815105,11087076
2004-12-26,50.26357574462891,60.92019544796079,47.14693262243132,18749141
2005-01-02,51.98522720336914,55.53449030492339,49.48661936093533,7818315
2005-01-09,52.62974853515625,55.622785541994524,46.04330454994357,12714621
2005-01-16,52.709207153320314,57.25615019963296,47.76496455484952,12929451
2005-01-23,53.128586769104004,57.123711099985606,50.54610263890234,6743350
2005-01-30,51.351752281188965,52.97408343375997,48.69200819061588,2773089
2005-02-06,51.420172119140624,52.97408450858918,50.060505205978345,3835890
2005-02-13,51.89693908691406,53.98942398736673,50.722678408960924,3872543
2005-02-20,49.680853271484374,52.091172259096886,47.67666765965453,2962193
2005-02-27,48.409481048583984,50.94341128411554,47.58838057935305,3414865
2005-03-06,48.88624649047851,50.3253782117689,47.676669034090914,3121508
2005-03-13,50.131134033203125,53.636255598203185,48.206407039761395,6885923
2005-03-20,48.62137680053711,50.85511264270552,46.17573913341417,1882513
2005-03-27,45.745320320129395,48.029825940222665,44.233346480977936,1678374
2005-04-03,45.18689117431641,47.19108174430276,43.26216473498803,4094960
2005-04-10,48.52424926757813,51.60557680580702,45.6018476749504,3876420
2005-04-17,48.9789514541626,51.119983544376716,47.67667599054265,1804434
2005-04-24,46.36114654541016,47.58838167085458,45.02795842259407,1335551
2005-05-01,45.698970794677734,51.208276868442404,44.45408146127054,919126
2005-05-08,45.910867309570314,51.56143602762401,43.74775526054828,2421746
2005-05-15,49.28355331420899,50.76683156277874,46.57304440485522,3535973
2005-05-22,52.62091751098633,55.534495329321665,49.883925332770644,11322098
2005-05-29,54.26311416625977,57.7858927939238,51.73801614782472,11436339
2005-06-05,56.364417266845706,63.568888346354164,53.28309559659896,16787709
2005-06-12,60.213870239257815,61.84724541042989,58.845372313552126,9785951
2005-06-19,61.64416656494141,67.01219324254824,58.84537215954493,15784485
2005-06-26,59.46340713500977,62.68599261873938,57.6093043840659,7083389
2005-07-03,60.80540924072265,65.77614445060905,58.27147748792164,18250935
2005-07-10,64.86675491333008,68.24826313280394,60.12557412710524,22906786
2005-07-17,65.36117706298828,69.17530309073827,63.03914784398723,9481467
2005-07-24,64.70783767700195,66.87977962301235,62.95085600224264,4437232
2005-07-31,66.92391204833984,68.60141821198943,64.36351071351082,8097432
2005-08-07,67.05636138916016,72.39791818600361,64.09863486544997,7354098
2005-08-14,68.03636932373047,73.63395224175036,65.99686452395679,12924098
2005-08-21,71.77248764038086,75.36754761558912,68.42487097127162,13112484
2005-08-28,69.22615509033203,75.7739740733355,65.47808947275462,11228835
2005-09-04,70.5266830444336,73.33547471100273,68.23269410824692,5546038
2005-09-11,71.15663528442383,72.97422000274598,70.17446110591901,4348736
2005-09-18,71.29436645507812,73.38062922159831,69.76804439838116,3506633
2005-09-25,66.93215789794922,72.25169906719742,60.96235451794815,4586031
2005-10-02,64.84589538574218,66.51671546100687,62.00098111728366,4300583
2005-10-09,64.53883056640625,67.01346277384427,62.0912958644197,3669455
2005-10-16,60.8043212890625,64.9362230310242,58.70450154191007,2817530
2005-10-23,52.057349395751956,59.60764969088755,46.602348571704745,5767854
2005-10-30,46.322367095947264,50.892272142444874,43.57681325080045,7771320
2005-11-06,47.189388275146484,47.77643399759332,44.34447704848681,1320231
2005-11-13,48.28219223022461,49.76334691213655,46.24108594895604,5367139
2005-11-20,52.25829887390137,54.18876416894459,49.311785599533245,4698181
2005-11-27,50.187834930419925,52.83405078504014,48.09253429087187,3824068
2005-12-04,50.60327987670898,53.782349755109244,48.04738287237296,7497610
2005-12-11,51.56964645385742,53.46624990999026,51.027754746340584,2923507
2005-12-18,52.06637420654297,53.872665132019016,50.66650230402316,4699984
2005-12-25,54.04426803588867,56.08538091600478,51.61480638837626,6767465
2006-01-01,51.63286666870117,53.28563198650218,50.12460864463544,2439453
2006-01-08,53.85460586547852,55.72411454240983,51.524491753092896,9184508
2006-01-15,52.41634559631348,54.18877445232336,51.389018538026946,2648744
2006-01-22,49.48338088989258,52.021220778075,47.27970134730063,3773563
2006-01-29,48.26187515258789,49.67303793148053,45.38309374648903,3544483
2006-02-05,46.75587615966797,49.62787927835703,44.70573009557536,3259005
2006-02-12,46.80555248260498,48.22800270179888,45.92498561133201,1750979
2006-02-19,47.28873519897461,48.634416030471854,45.6540426320026,1554061
2006-02-26,45.64500885009765,46.64749813484957,44.29932361197928,2237712
2006-03-05,45.0669921875,47.5958056393908,41.860826194111375,2785847
2006-03-12,44.11868743896484,45.51856391296879,43.35101367123749,2435887
2006-03-19,43.3735990524292,44.61542674730031,42.673658313070106,1133330
2006-03-26,40.58739242553711,43.260702400537866,38.880448477145904,2860192
2006-04-02,40.67770233154297,43.26070371040277,38.519177684300686,9913679
2006-04-09,47.629672050476074,54.36940747850618,42.628498910049544,12356121
2006-04-16,49.19135665893555,53.73719184172144,45.608881295636834,4444917
2006-04-23,47.72224349975586,50.93744727962519,45.60887765631496,4066366
2006-04-30,46.92747421264649,48.408631766675974,44.344477875767986,4747160
2006-05-07,53.90653991699219,56.356325122775004,50.71166128616811,7403556
2006-05-14,55.2725471496582,57.25947242655124,51.47933516975062,6093993
2006-05-21,50.829070281982425,57.80135957853538,42.67365850078403,7847636
2006-05-28,42.10467529296875,48.04737363419554,35.31301144437748,9419732
2006-06-04,42.11370620727539,47.41517152145676,37.390255836727015,3934161
2006-06-11,34.91563377380371,41.454417562254676,29.03615107299176,5998501
2006-06-18,27.356296920776366,33.86798179512608,24.610730288935976,8113377
2006-06-25,28.638765716552733,29.984451796624228,26.958914349067804,3237197
2006-07-02,29.334187698364257,32.96483557896896,27.184701374815113,5128593
2006-07-09,30.381836700439454,32.06168323804047,28.990991395123572,2868107
2006-07-16,29.71350975036621,32.51326227561407,28.539419453117496,1489726
2006-07-23,28.196223068237305,29.66835670596531,26.642811507210123,2582696
2006-07-30,30.119924545288086,32.15200155177129,27.229856230646707,4052738
2006-08-06,30.210241317749023,31.610120324527514,28.90067809915932,2979026
2006-08-13,33.100307846069335,37.39025727300349,30.07477072191797,3402204
2006-08-20,38.338555335998535,44.07353534432933,29.80382273812056,6887124
2006-08-27,39.86486968994141,44.70574218941797,37.84182088118211,7231993
2006-09-03,39.41329650878906,40.64157597051463,38.38371063881937,2753481
2006-09-10,40.62351531982422,44.38963996788003,39.061074760500325,9241498
2006-09-17,39.61199188232422,43.12523276424972,37.20961885996298,5598021
2006-09-24,40.87639541625977,42.85429115001624,39.28685535189405,5342810
2006-10-01,41.99629440307617,46.28623660601663,39.78358414767399,12446077
2006-10-08,44.33318614959717,46.15076623016438,43.6219574551994,4048996
2006-10-15,43.658085632324216,45.608880115597636,42.493029241313515,5337819
2006-10-22,42.2311149597168,43.938058090246045,41.318940477315465,2208769
2006-10-29,42.05650838216146,43.12523153431341,40.91252166557002,1570786
2006-11-05,39.87390670776367,43.35102074037439,38.15793001511518,2550254
2006-11-12,40.96670989990234,44.209007749646474,37.52572435270311,9102266
2006-11-19,42.402713775634766,44.9766764631477,40.190000907453914,5167452
2006-11-26,40.01840438842773,41.22862736931638,38.383709724106524,2487580
2006-12-03,41.16540298461914,42.62850008316008,39.82873909998628,3536162
2006-12-10,42.72784652709961,45.518564621488856,40.00937649940428,9117113
2006-12-17,38.14889297485352,44.29932363002416,33.91313683060452,8923696
2006-12-24,38.05857467651367,40.73188259400796,36.93867956297147,3676315
2006-12-31,41.894697189331055,44.16385412823364,37.57088314613541,9307287
2007-01-07,48.36348056793213,52.83405029296875,41.725355667590264,21507169
2007-01-14,48.2912239074707,52.11153425113397,46.06045871955905,8949102
2007-01-21,51.52449417114258,54.504878654770344,49.13115591225304,8294272
2007-01-28,49.718199729919434,52.021216035762066,48.49895076265748,3579168
2007-02-04,48.45379066467285,50.350404354337435,47.46033072424665,3328326
2007-02-11,51.70512237548828,57.53041327268759,47.957064871956746,14929966
2007-02-18,46.116899490356445,53.28562323145696,40.731887555980194,7240669
2007-02-25,45.75338516235352,49.131157625618826,43.441327815160136,5847915
2007-03-04,40.89445877075195,46.06045984021525,37.48056811059428,4696829
2007-03-11,35.52073974609375,37.93214064378005,33.23578242397501,5786065
2007-03-18,36.026502227783205,38.33855733175592,34.31955753809105,5194173
2007-03-25,37.67022933959961,39.24170623121763,35.9452144513795,3443343
2007-04-01,37.04028129577637,39.286855697631836,35.31301487193708,8134083
2007-04-08,35.17754364013672,36.577418236743306,34.31955291348754,3217770
2007-04-15,36.306478118896486,37.02899882395216,35.67427600404751,2637886
2007-04-22,37.480567169189456,39.061075128482834,34.54534084527266,3823325
2007-04-29,38.79916076660156,41.27378331940512,36.57741863074792,6340993
2007-05-06,41.01789220174154,44.25416729746171,38.47402534182224,6911095
2007-05-13,41.463444519042966,44.479955454260484,39.10623011034613,5441769
2007-05-20,43.62195892333985,45.65403422271839,41.99629591687866,5686358
2007-05-27,44.43479232788086,45.97014597090272,43.034918736936646,6592597
2007-06-03,42.023390197753905,46.06045358625401,40.822207928217814,4527178
2007-06-10,41.62600936889648,43.71228109780646,40.28031853884092,3180036
2007-06-17,39.8739013671875,41.99629420887222,38.47403022630246,2074791
2007-06-24,41.580850982666014,44.389641677770086,39.42233241786995,3848004
2007-07-01,46.64749755859375,50.3503948701631,43.351015862496425,12117397
2007-07-08,47.7132080078125,49.94396959818862,45.33793840889093,5007267
2007-07-15,47.76740264892578,50.98259609493332,45.83466965679961,7199712
2007-07-22,49.58272094726563,51.659955192829784,45.383097107345996,6592573
2007-07-29,48.33638229370117,50.93744768365024,44.34447115567267,5564175
2007-08-05,44.28125686645508,46.78297345618228,42.89943678434941,3028895
2007-08-12,44.10062713623047,47.144233993140986,41.77051436415196,3164436
2007-08-19,45.01054763793945,47.05391227510634,41.40924892899334,3717883
2007-08-26,45.00377426147461,49.58272768124193,42.718812146832896,5811860
2007-09-02,47.01243667602539,50.15926759077759,45.1573143935785,2134571
2007-09-09,51.200828552246094,53.53975857827016,48.65174727597316,5469547
2007-09-16,56.15279998779297,62.31078229265517,49.33699330266185,18327593
2007-09-23,67.03434753417969,75.05617776998214,57.33139947260435,24003432
2007-09-30,68.73373870849609,74.37094844020136,65.7826568705581,13053914
2007-10-07,65.65702247619629,69.89407006742923,62.12804516334249,4020097
2007-10-14,66.16637725830078,75.37593361450143,52.99157422320502,16094159
2007-10-21,67.71044616699218,77.38598373244102,60.30075752062147,16488167
2007-10-28,74.16079788208008,88.16702014586212,58.83892761229673,31577012
2007-11-04,88.00257263183593,94.74529095600417,82.45672656966714,29519891
2007-11-11,85.41465759277344,91.31911043885302,82.50240618460431,6352000
2007-11-18,93.31085968017578,106.71407694243241,77.93416725681871,21580938
2007-11-25,93.8681854248047,107.81046401766142,79.94417773142322,11412906
2007-12-02,103.92744445800781,113.10959820146655,94.42550967451915,22255867
2007-12-09,113.4019760131836,122.88563828932546,106.439982517026,13005000
2007-12-16,118.01590118408203,124.98704646983204,114.48009768904616,11007997
2007-12-23,112.93830680847168,118.77423048840191,106.0745159666943,4280758
2007-12-30,118.30598449707031,122.24608922156939,112.37870373124136,6747557
2008-01-06,118.0889892578125,123.3424667532453,113.84052499477318,11234585
2008-01-13,113.73089141845703,122.88563686392732,100.50128719068428,7018611
2008-01-20,110.70671997070312,115.53077645341466,102.78539534802088,2637923
2008-01-27,83.19678192138672,105.98316189848316,68.52358615899469,5245732
2008-02-03,88.40457000732422,96.52691136876776,81.31466306836373,8513810
2008-02-10,95.51275482177735,104.38428037594029,84.28402392431701,11236281
2008-02-17,87.93861389160156,97.98873980023508,78.2539518176694,6663300
2008-02-24,88.16702423095703,97.39485899673802,83.14196290578741,8856067
2008-03-02,89.39131469726563,93.55754083148418,83.8728885131287,6991740
2008-03-09,80.88067817687988,91.36478094074582,68.61494843832095,3865162
2008-03-16,78.66508483886719,86.79655905076802,72.36090532896363,3346282
2008-03-23,65.98060735066731,74.00547831908943,63.0417145766295,4775378
2008-03-30,73.60347290039063,80.26397156638643,63.4985234082714,8185259
2008-04-06,70.36002197265626,79.21327131964046,67.24448514761099,1791927
2008-04-13,73.1101089477539,77.84280501464602,67.60995716794909,3129335
2008-04-20,77.78189341227214,83.96424887308946,73.09183242107656,2719307
2008-04-27,83.96423950195313,87.66450562501447,78.43666832459448,5516359
2008-05-04,85.41465377807617,94.56256021612468,80.12691411857487,8207600
2008-05-11,88.49593353271484,96.57257415421189,82.27399603265857,9287673
2008-05-18,79.21327667236328,83.59878663147855,74.46231047808796,6206934
2008-05-25,79.30463218688965,84.42106641320918,76.28959962920324,3615534
2008-06-01,71.67567138671875,79.12189311363784,69.02609209544094,2825331
2008-06-08,65.0974136352539,73.32024301931622,62.12805611810003,3811732
2008-06-15,64.06499328613282,69.43723758391063,59.29574805558253,2818137
2008-06-22,65.80091934204101,75.55868414460073,62.12805863661433,2552143
2008-06-29,55.540655517578124,61.85395377688238,49.79380930120295,4562306
2008-07-06,49.190799713134766,51.80382783007891,45.91080920228503,2824747
2008-07-13,49.71158218383789,55.275700695399316,44.31191595259309,8160315
2008-07-20,47.22646026611328,52.44339278961416,44.905795957601214,4090252
2008-07-27,51.283057403564456,57.55981508089765,46.82445712954895,5824411
2008-08-03,52.37943649291992,55.64116000731231,50.25063769310309,4043555
2008-08-10,58.436920166015625,62.40214729549367,53.03725284736874,9431826
2008-08-17,57.67402267456055,61.35145441541383,54.40772657930153,1900616
2008-08-24,54.28895950317383,56.18934669756475,53.037257647817526,1042124
2008-08-31,54.261549377441405,57.78823744003743,50.70746244045116,3047819
2008-09-07,56.34811973571777,58.02775179671253,53.21999245264206,1846791
2008-09-14,55.05717849731445,58.48902778303639,52.58476906534789,1392810
2008-09-21,50.11236343383789,53.04603550946066,44.466417295108485,3341850
2008-09-28,51.05335464477539,53.553435160078074,48.75622844215805,3483466
2008-10-05,51.18943214416504,55.167883227458276,46.26537775731821,1445330
2008-10-12,44.77777671813965,51.66223090331802,37.82412906025731,1828781
2008-10-19,42.14162139892578,46.49600958331788,35.056515580841236,1937299
2008-10-26,38.995757293701175,41.92944072372213,35.51777872212298,2139448
2008-11-02,34.6259962717692,37.82413361738735,27.722321461234372,1823741
2008-11-09,40.508724212646484,42.66746902322062,37.82412733997282,1326291
2008-11-16,39.23100566864014,42.99035156667322,37.3628628509125,413925
2008-11-23,34.00481910705567,38.654418222348504,29.521278063922708,739536
2008-11-30,30.41613883972168,32.980799890494424,28.96775079433401,795359
2008-12-07,28.534156799316406,31.59699005069155,25.92336933572584,1090597
2008-12-14,30.155521392822266,32.28889471755662,28.183588233318808,1754991
2008-12-21,35.1948959350586,38.28540604586902,31.59699071896304,2411228
2008-12-28,34.42226982116699,37.91638867629694,32.56565584578166,1072630
2009-01-04,35.14877128601074,40.96077308958414,31.59698987910554,2116677
2009-01-11,38.112427711486816,43.26712070219607,32.70403931875092,4391216
2009-01-18,34.34615707397461,36.348071451024964,32.28888988494873,2325081
2009-01-25,32.90699844360351,35.702298909146435,30.120926219242627,939574
2009-02-01,30.40921688079834,31.366353555681226,29.659656756450996,1326380
2009-02-08,29.86261405944824,31.32022603287129,29.106129310412356,1086580
2009-02-15,31.929103469848634,33.94946612514719,30.443815892373777,2270423
2009-02-22,29.521276473999023,32.28889774148151,28.27584724214446,869894
2009-03-01,28.068272590637207,29.244511837370652,27.307178285691545,971586
2009-03-08,26.03407516479492,27.76845150549015,24.12441520496378,772691
2009-03-15,26.661400477091473,27.722321705651535,25.462097396462102,434707
2009-03-22,28.03598403930664,29.52127453512397,27.491682996419417,870450
2009-03-29,29.668879318237305,32.70403929125572,27.952956931655994,3037473
2009-04-05,30.21317720413208,32.01213045598119,28.690989222511508,5297348
2009-04-12,34.764373779296875,37.82412782280197,31.08958948155552,4188928
2009-04-19,37.45512008666992,40.13048765356711,34.91812872211391,5061297
2009-04-26,39.650762939453124,43.26712499640572,36.9015929781667,5092518
2009-05-03,37.90485763549805,41.145273373208184,36.90158837004172,1393196
2009-05-10,42.3076789855957,44.835434713729086,37.91638427762982,8811112
2009-05-17,39.98287811279297,43.359370941175015,38.42378562343575,5201053
2009-05-24,50.02010803222656,56.22880137342542,38.79279987250421,12856773
2009-05-31,58.129235076904294,67.11477087149365,51.20096574239912,26410089
2009-06-07,68.79379425048828,73.29578817304379,62.64045392215837,14715626
2009-06-14,67.62217178344727,72.69615523340424,61.11826174471256,10710767
2009-06-21,72.88987579345704,78.78492280979943,63.5629934411612,26086078
2009-06-28,81.19143218994141,85.64695160082599,72.16808565832575,26294186
2009-07-05,81.29439697265624,88.45504312569444,77.26945984509113,19533631
2009-07-12,74.82642211914063,84.80452430672213,67.86233645992566,32170193
2009-07-19,79.14152221679687,84.52370694013239,70.76402823340096,11471269
2009-07-26,85.19765625,89.85909227980068,81.1071938364558,12062339
2009-08-02,82.53931884765625,87.37861402592371,78.43949962452771,6049994
2009-08-09,81.62201080322265,85.78736093123422,79.46913195927226,4474064
2009-08-16,84.92619934082032,92.99479661019227,74.41455396129504,7812403
2009-08-23,87.406689453125,91.02913624192766,83.77488182704732,4506870
2009-08-30,93.91211242675782,97.01974302205083,89.85908538630963,4881837
2009-09-06,93.69682006835937,97.72176336207974,90.8887185713212,3680258
2009-09-13,94.54861450195312,98.9854115679672,91.73115251291445,7502548
2009-09-20,101.90582885742188,107.64370980417017,95.00726775281852,9089627
2009-09-27,105.08131980895996,110.77942071184953,100.20225764755764,6507043
2009-10-04,106.30206044514973,109.84337863642361,103.01034379071909,3851843
2009-10-11,107.18504638671875,111.66863888841968,101.55949483116174,6210052
2009-10-18,115.72166748046875,126.36435989919518,108.43934001621732,10243572
2009-10-25,127.4290828704834,136.3798796541344,122.90102426147973,7952055
2009-11-01,115.11324157714844,132.30816841222085,106.6140648762694,6486935
2009-11-08,111.30592918395996,121.6841865813386,102.074307590677,3614198
2009-11-15,124.46420135498047,131.04450836271232,119.53131967311563,5309712
2009-11-22,119.82148742675781,123.93066972800652,114.66394654440653,3095636
2009-11-29,115.08516082763671,121.0289690140949,102.96355147710197,4296913
2009-12-06,123.12567291259765,132.91657727829954,107.73730298657311,7637580
2009-12-13,131.40955810546876,139.65601173585625,121.77778697146755,7199608
2009-12-20,130.9977020263672,138.29875559607117,128.47041544706923,5030545
2009-12-27,125.19431686401367,130.0148631500416,123.79028207131844,1350616
2010-01-03,,,,0
2010-01-10,134.18023376464845,137.5967415541405,131.09134091182364,3553429
2010-01-17,130.8572998046875,135.1162454350679,127.25358937610947,3838923
2010-01-24,138.60765686035157,145.97423337729666,130.9509294945845,6351980
2010-01-31,135.3736686706543,142.2768990265346,128.00241715451605,3397353
2010-02-07,141.8088806152344,149.4375392576158,134.18022953476122,5254454
2010-02-14,140.25273895263672,143.21292449465102,134.78865112310237,1885223
2010-02-21,143.0257354736328,146.910247071724,139.42199724121033,2349337
2010-02-28,140.2176300048828,150.51401518161842,136.80109466187557,3269817
2010-03-07,148.96952438354492,157.62782520824786,140.03041602942912,5802190
2010-03-14,148.81976318359375,153.32207318626772,144.71058002917593,3708955
2010-03-21,156.89773254394532,163.71203769665675,147.89309198913128,4981036
2010-03-28,160.63482284545898,167.54977198703762,154.44530057907124,2849852
2010-04-04,163.44292449951172,173.58718161971174,156.50459559425278,3683597
2010-04-11,168.1956329345703,172.79154785108082,165.63091887433097,3677418
2010-04-18,167.21044158935547,172.2299310373709,163.01000782038082,4174183
2010-04-25,176.0114990234375,183.8835159794238,161.18474928157204,7701060
2010-05-02,178.9974395751953,182.52626888363739,173.68075943270958,1979897
2010-05-09,175.82428894042968,184.16433469830818,166.8477362630095,2389457
2010-05-16,171.60278930664063,175.36565795588677,165.67769709406673,2218572
2010-05-23,174.26111755371093,193.75865572710504,162.96323380329352,6282604
2010-05-30,173.0068359375,182.2454812414757,165.20967994626187,13588121
2010-06-06,177.116015625,186.27041117805473,170.45146841813894,5401540
2010-06-13,172.69794311523438,182.01145264022654,167.54974554257203,3886958
2010-06-20,181.26413269042968,185.1215553818683,177.00371075725306,3640894
2010-06-27,190.0165588378906,200.33574718906337,185.2160335846984,7207079
2010-07-04,193.31454772949218,197.02832363214162,184.4600788454207,2729132
2010-07-11,200.76099853515626,212.998511909439,193.7208747500896,5927666
2010-07-18,199.42855529785157,207.65933015019326,195.61084038667573,3317327
2010-07-25,196.89601440429686,202.2257189710316,191.92543311585897,2462512
2010-08-01,193.81537475585938,202.98168824359905,190.88592611473953,2247866
2010-08-08,196.45187683105468,201.51696344527224,193.10667248666724,2133041
2010-08-15,207.6971405029297,214.03794951199154,195.23284964912799,3923591
2010-08-22,211.6282501220703,219.51883482756563,206.19461814045738,2560636
2010-08-29,212.0913055419922,223.96026240396236,203.12343651791588,5082941
2010-09-05,215.4176055908203,222.07026441764216,207.13956016610214,3966424
2010-09-12,223.79487228393555,229.06313825210262,219.32985973795724,1862785
2010-09-19,231.49173278808593,250.4196654910973,222.54278529809957,5471002
2010-09-26,246.80985412597656,259.86947287473754,235.81973026213666,6832458
2010-10-03,250.4574951171875,255.14461353052982,239.55241851374075,5539022
2010-10-10,260.83335571289064,272.1542312545935,246.87597839852697,10125040
2010-10-17,255.62651977539062,271.96522041264114,249.80543500951867,8621110
2010-10-24,251.16620483398438,260.24738753084193,241.91483559261061,10729881
2010-10-31,255.21073303222656,262.7044283584274,246.63975666978675,4756858
2010-11-07,265.13773345947266,277.1625896037673,251.69539892629805,6594447
2010-11-14,271.020263671875,290.5341270204399,258.92452880000076,14213933
2010-11-21,263.59033584594727,284.6280001013378,248.67145681157962,9570344
2010-11-28,268.5916381835938,279.666788076682,249.99443812292645,15043259
2010-12-05,279.3644226074219,292.3767854262303,259.82229845951946,30405714
2010-12-12,259.1134857177734,281.55673590268975,233.69353059964135,8363828
2010-12-19,245.5057830810547,255.61707638201273,226.79517917290417,6460973
2010-12-26,234.8936553955078,241.15886478007351,227.97638781169488,4825410
2011-01-02,242.7180969238281,255.90053649046482,234.49677243464328,3086989
2011-01-09,235.03541259765626,255.00285086455196,213.5654846920382,4240621
2011-01-16,219.70783081054688,231.18935119878222,208.6042977295154,5699332
2011-01-23,221.13474731445314,228.4016557649147,210.96674514155927,10559585
2011-01-30,214.47500228881836,229.58285129803662,197.97330260485074,7277522
2011-02-06,209.87059631347657,216.11690021387474,193.7208793260781,4031047
2011-02-13,204.0495178222656,212.478747700553,192.35064938695862,6185709
2011-02-20,212.41259155273437,224.81071858462008,202.60369674909325,7912762
2011-02-27,214.03795776367187,224.90522958886802,201.28073248130409,8777593
2011-03-06,218.0541229248047,228.68515198699177,199.67426238172396,8007730
2011-03-13,230.20657043457032,238.3712023401553,220.65280726336053,5681894
2011-03-20,231.63347778320312,236.2449777949291,222.637291283421,2790599
2011-03-27,238.67359008789063,249.09672788307034,228.21264637925665,3727008
2011-04-03,252.6687255859375,265.06686492672486,244.70255040582194,4957831
2011-04-10,257.09125061035155,261.5704756338018,250.4196654775541,2827322
2011-04-17,262.75164794921875,267.80728230274616,254.1523279342746,2031762
2011-04-24,260.8853225708008,271.02024924734815,255.853295942617,5073153
2011-05-01,253.0750701904297,263.9801586081499,244.70254276481998,2712068
2011-05-08,230.9719970703125,247.39574767562067,221.21980720979735,3881871
2011-05-15,237.80418701171874,245.45853066464934,231.56732892570668,2449211
2011-05-22,230.35775756835938,237.6624524428707,222.73176990793232,2456439
2011-05-29,234.71411743164063,246.35627514357734,226.4644559565479,3619698
2011-06-05,248.9455108642578,254.01060821592782,241.06437213891567,1927297
2011-06-12,248.94552001953124,254.1524066428599,243.89930500438933,1357603
2011-06-19,244.14500122070314,250.9866452807395,237.89867861168423,2806107
2011-06-26,241.34787292480468,253.25460966720823,228.21266880320078,2219730
2011-07-03,258.08460388183596,265.86580467539756,247.01775292098617,2883713
2011-07-10,272.07213134765624,277.9548926059526,263.2004432214579,6532779
2011-07-17,265.3041259765625,274.5280119604109,259.3927989531998,2443761
2011-07-24,263.0005310058594,269.1974293855101,257.01304970540116,2224228
2011-07-31,259.8878234863281,267.2935790751534,254.6333173465826,1748247
2011-08-07,255.3377258300781,270.33973215295447,239.2125395278064,1288292
2011-08-14,247.90338745117188,258.9644720284011,240.069259275129,4671284
2011-08-21,233.1322784423828,247.2085313001772,217.12845986994455,3609441
2011-08-28,224.5628204345703,231.7877412975089,213.3208717118522,4832492
2011-09-04,234.27854919433594,241.11636818551662,217.98519129142883,914776
2011-09-11,248.26512145996094,262.2485215532413,233.54875877908478,1901609
2011-09-18,246.570751953125,256.0611986896014,237.73709906508932,1555176
2011-09-25,251.63486022949218,262.5816882248597,234.92899001453634,2624773
2011-10-02,250.54017639160156,259.20244820459556,234.78621221393612,1831587
2011-10-09,234.23888397216797,249.39789489727204,224.17253829800143,3993388
2011-10-16,246.5421875,261.7725992648401,229.40798965565,1997221
2011-10-23,257.2701141357422,262.4865395110268,251.06370786853526,4387151
2011-10-30,262.8514099121094,271.24401168959446,257.96496742817,2305380
2011-11-06,266.46546630859376,274.14727929469166,260.9158712775597,2001304
2011-11-13,258.61545817057294,266.4369246574852,249.01715355612268,1073153
2011-11-20,243.01063537597656,258.77411936205436,233.50115319502842,2783355
2011-11-27,240.46906127929688,255.10928816563882,228.97964177496783,3347698
2011-12-04,247.85579528808594,262.72450643812095,233.69151763323336,4314176
2011-12-11,251.25409698486328,264.10479450839637,239.59330245352623,3426152
2011-12-18,242.74411010742188,252.72953235872097,236.73764152628317,3148943
2011-12-25,228.99866333007813,237.6895087740831,211.464647985928,3081521
2012-01-01,223.46812133789064,233.21557894889438,213.22567292372716,1415237
2012-01-08,228.50367736816406,236.8328055176642,211.55985225556847,1727817
2012-01-15,256.0135925292969,276.3366361202657,229.4555721084399,7025100
2012-01-22,263.2956787109375,271.7199634214638,257.4890897145135,1587504
2012-01-29,273.52855682373047,286.47441677096003,263.6763426205565,2107898
2012-02-05,278.0310424804687,287.9022410138884,262.86724211486677,2325535
2012-02-12,292.7760070800781,305.1792593655404,282.5240242231397,2903118
2012-02-19,306.5309631347656,316.982795588587,289.187299787335,3641476
2012-02-26,292.7807388305664,306.511866742067,280.95338229409685,4208873
2012-03-04,292.223876953125,305.55995391286103,274.6709195522862,7750675
2012-03-11,295.6840362548828,304.3225652901953,285.99848284367164,3090831
2012-03-18,298.2303771972656,309.1772447309335,274.14729657786876,5205129
2012-03-25,296.1361938476563,309.17721925647794,282.8096030855016,2404872
2012-04-01,293.5089416503906,307.9397629107195,278.7163960739127,3740015
2012-04-08,313.6035664876302,319.17216920177475,302.27589719955455,1290113
2012-04-15,316.90667114257815,326.977781846583,309.7007870800205,1764152
2012-04-22,327.35850830078124,334.97374100286095,315.1741531601052,4429458
2012-04-29,314.82200317382814,330.78539087022546,303.7514410491858,2859177
2012-05-06,309.62938690185547,319.74329451006855,300.0390230963801,1460970
2012-05-13,300.4387939453125,313.93667896482805,289.28252308965585,2685172
2012-05-20,290.7103698730469,299.9437683206954,280.81061048668937,2869897
2012-05-27,291.1577392578125,297.3736649783929,283.80907685999733,2243289
2012-06-03,289.0921203613281,297.80205330486734,281.2864978607496,2001369
2012-06-10,295.793505859375,313.9843406580794,273.8617424514197,2328874
2012-06-17,306.1787414550781,318.22031001097787,297.65922229396233,2409428
2012-06-24,303.0565124511719,311.08099408937386,290.66280585261245,2530061
2012-07-01,313.6702087402344,332.21315969989894,305.1792859983011,1919348
2012-07-08,328.28807373046874,334.14838538226263,319.9337067365911,1157988
2012-07-15,326.78143310546875,334.340002851031,267.2804100461852,3003539
2012-07-22,321.95314331054686,325.1432594085724,316.13812513861814,1472875
2012-07-29,314.24127197265625,321.8860598839763,306.5581521666204,1966224
2012-08-05,315.63994140625,321.694454180524,306.55818702332823,1788707
2012-08-12,310.77333374023436,320.9280413306004,307.0371305641633,2610216
2012-08-19,317.7666778564453,323.80202869320846,306.8455007413237,1342277
2012-08-26,318.16184997558594,325.5264028081683,312.3060705309566,1483838
2012-09-02,304.699658203125,315.70699225362375,297.40935641404775,1627965
2012-09-09,301.212548828125,307.5161600235342,297.84036657181105,2284071
2012-09-16,299.6510314941406,306.74979070391726,295.1580231070785,3231038
2012-09-23,319.00011444091797,337.2140009935655,306.8934865809081,3109372
2012-09-30,331.86834716796875,342.0039682301092,321.45494212408715,2992759
2012-10-07,352.7454528808594,360.2058235037979,340.087938545164,2109675
2012-10-14,348.90150146484376,359.05628152680026,340.18373931308116,5135478
2012-10-21,345.05991821289064,353.02088468996413,337.9324485891197,2003718
2012-10-28,348.0712585449219,352.06290616686374,337.69298562102153,787364
2012-11-04,348.9302551269531,354.4578713158906,341.04595186069474,1281243
2012-11-11,349.46674194335935,355.2722168048719,345.88381616590925,2639000
2012-11-18,361.5470275878906,370.7437852634901,350.0511001802347,1961108
2012-11-25,355.8565673828125,373.61775985588616,350.81750825638255,4176825
2012-12-02,386.10760498046875,401.87860372001916,361.1638148790322,8398298
2012-12-09,401.9456787109375,410.979567352801,389.04147653843745,4942248
2012-12-16,395.9102844238281,405.2315843771985,386.0716764921141,7580408
2012-12-23,411.7363586425781,417.5897418718753,399.7709748837545,5329785
2012-12-30,401.18407440185547,413.8534919213168,395.12477942691703,8054054
2013-01-06,409.7054077148438,423.43348313157156,397.6155056220546,4348053
2013-01-13,416.13355712890626,426.2116449988582,409.97366154715445,9545076
2013-01-20,413.5948547363281,425.68474405375304,398.6214087153418,5305860
2013-01-27,405.71055908203124,415.67372271913047,390.4784379572682,7998518
2013-02-03,416.1814331054687,424.39143950925677,404.3214204523434,3984296
2013-02-10,412.7901306152344,424.96621716847727,399.9146984946797,5045644
2013-02-17,419.4290283203125,430.81002293314384,406.47692554712245,4529916
2013-02-24,417.35020751953124,427.21751224873515,406.62068670786795,2383058
2013-03-03,400.020068359375,416.4400694299119,380.89847139031764,4633764
2013-03-10,399.08123779296875,419.6014883538161,373.8093446089266,7601969
2013-03-17,410.83582763671876,421.99646759285184,397.75922434003115,4997839
2013-03-24,389.87493896484375,403.1239653309927,379.17410587594395,8074647
2013-03-31,382.04811604817706,392.77764302629146,365.4748647097287,6471001
2013-04-07,396.1114501953125,410.50049515325264,381.42539728980165,7621544
2013-04-14,377.957470703125,389.71204534715946,366.9596992727733,11340928
2013-04-21,404.5489807128906,436.84533940987876,383.19769543890726,10445627
2013-04-28,443.9225616455078,458.40026511839886,431.6722248579267,11699150
2013-05-05,451.76615142822266,463.86084345380726,429.85204641237044,6537569
2013-05-12,468.8711181640625,488.09807377438267,437.46806475568616,9961810
2013-05-19,485.3486389160156,505.1503533123836,466.6390559680399,8386192
2013-05-26,475.5004455566406,497.67800627647705,464.48354390384515,5403129
2013-06-02,501.09804077148436,509.55720933289564,476.0752776673525,6127502
2013-06-09,488.2705139160156,503.3302023170622,480.3862283362751,4874563
2013-06-16,466.7060485839844,490.493037163258,451.8379620520095,6435016
2013-06-23,454.17564086914064,470.9105314208315,424.49432491778975,5722903
2013-06-30,444.1501525878906,462.5238660338382,432.8328684733449,7996708
2013-07-07,455.5830871582031,467.5366072025104,446.42515522883804,5283849
2013-07-14,482.99903564453126,498.1915518044996,451.1486560671511,10388134
2013-07-21,450.50282592773436,491.39539846337505,424.349743418542,14368062
2013-07-28,421.87224731445315,454.04071062612877,389.5495910473296,14956350
2013-08-04,382.1268371582031,410.4200020502899,354.55662822560066,15639965
2013-08-11,361.11175537109375,387.38056341469036,340.2895239079787,9809065
2013-08-18,360.0995559692383,378.0780448592422,335.4695130331211,9696775
2013-08-25,341.7644104003906,369.8840607224985,300.28378073449556,28514598
2013-09-01,342.05361328125,369.20928956575,306.5497383840554,18547826
2013-09-08,367.68621826171875,400.92469281747856,330.16761061812025,22129009
2013-09-15,392.0438995361328,419.9153811721276,374.12568756565616,11934035
2013-09-22,399.9221130371094,457.029111328795,373.4026812259583,27490863
2013-09-29,369.53709106445314,394.75515509887066,358.6053636360609,13308000
2013-10-06,372.84837341308594,390.41719807345464,348.6762434197028,9657294
2013-10-13,395.74806518554686,414.32419547424263,371.23371930126183,14237313
2013-10-20,394.69486236572266,424.15693816246346,372.5350542995772,20852272
2013-10-27,410.78632202148435,417.98735872475305,395.9118727559419,12030135
2013-11-03,422.1035949707031,439.53261752230003,388.10354908577364,13280507
2013-11-10,422.87962341308594,443.4367565892026,407.8172412303095,6303547
2013-11-17,396.1408386230469,416.7824159238647,383.6691703820036,8798973
2013-11-24,401.1560424804687,416.3967942462513,385.5972178027237,9776935
2013-12-01,401.4548828125,410.17903464577415,389.69416133331566,8099352
2013-12-08,418.5368286132813,432.3508383871127,405.9374476354266,8829413
2013-12-15,427.126025390625,455.5830904298931,397.64713957843196,10987655
2013-12-22,406.303759765625,419.3369598863275,394.4177298704183,12150421
2013-12-29,408.7932434082031,418.37293677792184,401.79225572643,4743723
2014-01-05,402.66950073242185,417.31257455506534,391.9595668405636,5170079
2014-01-12,400.39447021484375,413.0710075785696,387.9107839636664,12128295
2014-01-19,406.6026123046875,414.17956960657466,386.9950120338108,8391306
2014-01-26,413.7650512695312,424.1568516326483,399.1412941994277,6455594
2014-02-02,371.65784912109376,395.33355140419366,356.195401800654,13380773
2014-02-09,374.80047607421875,383.9102150417094,358.79824815198464,7082250
2014-02-16,367.7729553222656,378.6564635504628,358.3643609012572,4770678
2014-02-23,374.106396484375,380.4880431599757,361.49735066651834,8996886
2014-03-02,384.4042739868164,392.10417180945785,373.0653226035233,6269086
2014-03-09,401.85975341796876,436.3032236843517,376.29467041912284,10701100
2014-03-16,452.9417358398438,462.57206189039533,426.1812975108725,13892823
2014-03-23,458.51121520996094,467.44020635891553,451.0040855655013,7784281
2014-03-30,474.24598999023436,491.15441875897744,457.8967005163029,12823039
2014-04-06,483.1147094726563,491.5400155350053,473.85068067742634,9816482
2014-04-13,486.1055145263672,501.75833188848515,470.76598404794106,6593036
2014-04-20,472.147705078125,485.94884114534324,462.1382607784406,6549863
2014-04-27,480.92645874023435,490.0458136127566,473.5133733560707,6564270
2014-05-04,466.1026306152344,481.0324900199147,455.6794589481616,5183550
2014-05-11,475.75945434570315,499.2519684585705,454.0407061348813,7952384
2014-05-18,518.4161193847656,565.8638943741543,493.95000858939056,10428986
2014-05-25,540.7325927734375,562.3453025447237,526.7258675131926,9855660
2014-06-01,527.5837524414062,551.2111709208708,509.5667831941827,7251439
2014-06-08,522.9179931640625,534.919726697857,511.8802915456148,4975959
2014-06-15,532.5000610351562,551.0666090348127,514.483052274635,5315219
2014-06-22,532.0562866210937,543.379950262863,505.1977746048393,5780116
2014-06-29,554.0825805664062,564.7269724135007,539.5956435513037,5855507
2014-07-06,557.7310180664062,569.5786749286211,540.468986970771,4324324
2014-07-13,528.504931640625,554.0534578811321,514.512910600142,6520825
2014-07-20,523.1293090820312,529.6984411467047,511.4563236069287,4371114
2014-07-27,538.6059936523437,551.870282519444,526.8845070910912,4449931
2014-08-03,539.29248046875,555.0237918202637,528.6795930762455,2807679
2014-08-10,533.6961547851563,543.3799109621585,519.4130185359254,2226367
2014-08-17,527.0057678222656,533.8707760215974,519.8981602227047,1577106
2014-08-24,548.2994750976562,557.6921622303994,527.7092313255466,3621916
2014-08-31,556.1154174804688,570.4519451474741,541.05121098091,2527875
2014-09-07,593.7882080078125,603.9280289430849,569.1420451525754,5494297
2014-09-14,610.5843872070312,623.4315082423682,594.8068986050675,3688873
2014-09-21,605.7425170898438,618.5314015989691,593.8367095922595,3555874
2014-09-28,607.8481079101563,627.7494275267437,586.0741701668774,4146004
2014-10-05,597.8957926432291,613.1460431801185,582.774891463686,1752422
2014-10-12,599.6585998535156,612.8064109610673,576.8561287390279,3042822
2014-10-19,628.8943969726563,647.1073693264595,605.480499558734,8204500
2014-10-26,656.3739217122396,666.4167596289082,643.3231052461521,2173994
2014-11-02,682.6113525390625,700.572027843763,665.3493426092855,5353562
2014-11-09,698.2594401041666,709.8385812513799,684.4647741917939,2531339
2014-11-16,703.5703002929688,714.496120335067,695.5263070113405,4124403
2014-11-23,695.7107177734375,711.9733494265731,679.3218901365301,3208370
2014-11-30,701.6587646484375,737.2501543275235,682.1359715293615,5174741
2014-12-07,753.4836059570313,771.696530486081,723.4716225256576,4698567
2014-12-14,756.1714477539062,766.0687577204586,745.303835434595,2703622
2014-12-21,747.195947265625,775.5294349158534,729.8756822314557,4579404
2014-12-28,760.0890960693359,770.241035988601,741.4225249069955,2220255
2015-01-04,777.4505859375,798.9140270459216,751.9990208638374,3620596
2015-01-11,778.2268310546875,797.4101017502473,763.2061644320621,2728450
2015-01-18,802.2228637695313,823.9484296737567,773.3460700299028,8054542
2015-01-25,818.12646484375,838.3091860764666,798.1863201365877,5127035
2015-02-01,843.7550506591797,858.5403253580076,826.1316590116934,3341883
2015-02-08,836.3975463867188,863.3919085983185,815.5549943517389,3757087
2015-02-15,828.02373046875,851.60263630244,791.4910896342969,3619274
2015-02-22,839.8252868652344,855.2412848618338,817.4472729606158,2753135
2015-03-01,834.48603515625,852.4273381572834,812.6926022588758,3934418
2015-03-08,898.6388549804688,933.982855243712,866.6424821283334,3616369
2015-03-15,863.4210815429688,886.4370681850575,839.5706315597362,4200605
2015-03-22,863.7994750976562,893.568987475137,840.5408815007224,4230512
2015-03-29,851.0397094726562,869.8445691275682,825.6464658682823,5570677
2015-04-05,873.0304768880209,901.088972335255,850.0985191515975,1949501
2015-04-12,895.2185302734375,923.2123549290237,873.3378230458725,3615920
2015-04-19,899.1846771240234,938.300786966958,847.2361336451568,7848423
2015-04-26,818.3884155273438,855.0956678602431,795.6635244530096,7375813
2015-05-03,802.370849609375,817.0105785482409,782.1760326401289,5696548
2015-05-10,793.1115600585938,824.2880386178427,762.672519757944,5686670
2015-05-17,793.16005859375,816.3313148758322,770.629201667015,5771002
2015-05-24,823.6864013671875,836.0774150707433,802.9894755803622,3827418
2015-05-31,833.8165283203125,853.8828841557009,816.3312923240029,3686679
2015-06-07,825.5106323242187,858.7345085144025,805.3666896607565,3467424
2015-06-14,785.2616455078125,806.0459317680451,760.7319118043486,5651076
2015-06-21,794.6058959960938,812.4501191501392,763.6428902084097,4018886
2015-06-28,825.5299926757813,859.1710534775951,804.590484824751,6851885
2015-07-05,848.2743286132812,873.8229318135566,816.1373108264908,4048605
2015-07-12,869.1362426757812,884.9331293826477,847.9638499781287,3930068
2015-07-19,901.0986083984375,910.8892120904723,868.4861310775997,8074768
2015-07-26,921.4850952148438,937.8156360855102,902.7870261421663,3581601
2015-08-02,930.179150390625,959.93887012755,901.5255463465513,4621606
2015-08-09,927.8886474609375,956.7368771433754,912.1505510560469,3475393
2015-08-16,914.7537109375,938.8510643538394,883.0656139935065,3067477
2015-08-23,918.8267700195313,946.6463511384898,870.4469491039782,3690035
2015-08-30,838.6419311523438,861.3848305408096,809.0098992482519,7573605
2015-09-06,819.39716796875,842.8708439738515,788.5471643848907,4880311
2015-09-13,829.0536987304688,863.2361832863498,791.8602026666914,8556174
2015-09-20,870.31298828125,906.6953200357553,845.7941269726284,6327620
2015-09-27,885.2580718994141,908.2543000794167,850.6662159099051,5356969
2015-10-04,916.5124816894531,938.6074099269325,878.2422408449514,8242762
2015-10-11,924.741455078125,945.0873223208432,910.3493074241618,9134141
2015-10-18,928.1714233398437,941.2870682488153,912.541805613402,4767037
2015-10-25,934.4661254882812,948.449013462676,927.5478673701735,2580559
2015-11-01,908.6538330078125,940.2151432987945,879.2654341214247,5017186
2015-11-08,890.1496704101562,900.3615481503057,878.1935256157642,4751191
2015-11-15,880.0287679036459,901.9206480651914,857.4872163070888,3067399
2015-11-22,887.8305297851563,907.6696293397796,866.6468116773393,3663988
2015-11-29,896.01318359375,906.1593467827673,887.3043294017756,3482757
2015-12-06,917.930322265625,925.2092526188158,898.7050152224227,4930815
2015-12-13,910.3103515625,932.8583512429096,883.8938785044359,4441211
2015-12-20,906.0813720703125,927.4503996013855,880.6295751336219,6016146
2015-12-27,918.4857177734375,928.3759641936508,906.5003212356203,1978025
2016-01-03,938.889990234375,947.4259156009235,920.3370866088635,4759481
2016-01-10,913.214111328125,937.2431991653015,897.1946384094008,5741786
2016-01-17,901.3262451171875,920.5807577582239,881.945011427451,12101832
2016-01-24,865.3994750976562,935.4405241010091,844.6248279914615,5600277
2016-01-31,889.4967803955078,911.0800949094063,857.5358870487805,4769080
2016-02-07,889.84755859375,915.5624176852987,868.2057813733096,4844710
2016-02-14,820.3619018554688,887.3531890631753,778.5593063204022,15115169
2016-02-21,814.4666748046875,828.5957199426397,792.5910345230255,7652472
2016-02-28,804.9173828125,833.5652608561832,784.162258590939,6081221
2016-03-06,854.5736694335938,897.7306900608476,781.4826140989741,10027068
2016-03-13,903.6380615234375,913.467441133445,880.8732571382905,6076392
2016-03-20,895.8207763671875,910.8365418728766,878.2910427416111,7877366
2016-03-27,905.6396280924479,913.0289716391728,899.0948167308836,4009683
2016-04-03,919.5478515625,945.1848168043238,888.327593712871,11589051
2016-04-10,924.64404296875,945.1847172233493,911.0801571384947,5736893
2016-04-17,947.1822713216146,969.0092077899911,912.5417652183077,4900818
2016-04-24,956.3296661376953,968.3758850257229,939.8254704968692,7828959
2016-05-01,999.2843627929688,1026.5485198225037,949.2286367527099,10355284
2016-05-08,1014.2904052734375,1030.2026115964675,999.0212730545057,5544787
2016-05-15,1031.8396728515625,1043.990753384329,1009.5937470855521,6897162
2016-05-22,1050.5777587890625,1071.664187733187,1030.9822749136829,4855410
2016-05-29,1053.1696411132812,1083.4058601135853,1012.5655016912613,6071080
2016-06-05,1082.1196533203124,1103.527481651168,1066.9869562912231,4575246
2016-06-12,1086.8942626953126,1101.091432105945,1065.232827395097,3880460
2016-06-19,1081.2523681640625,1096.8040024935237,1057.7299981032013,4934383
2016-06-26,1070.554931640625,1087.0616306238587,1023.2175719416086,5858809
2016-07-03,1076.4455322265626,1104.1846889040708,1051.2503852265322,4627305
2016-07-10,1087.7467041015625,1106.1416328256587,1071.8958060223931,4503635
2016-07-17,1094.87958984375,1122.2860966961493,1076.788011599111,11255576
2016-07-24,1102.139697265625,1120.3291578857895,1077.2772116936046,6873305
2016-07-31,1141.86494140625,1166.3164959270541,1108.440915308641,6723191
2016-08-07,1159.0270263671875,1185.7878831059309,1132.5598500889125,4622941
2016-08-14,1149.6828369140626,1180.797762469154,1120.7694912951538,4684728
2016-08-21,1148.3741455078125,1177.8134113984688,1124.2430572148942,4041386
2016-08-28,1155.416552734375,1177.3731406504967,1134.3700379061668,3046232
2016-09-04,1150.308984375,1173.7527801171827,1123.362306095099,5853964
2016-09-11,1194.0189819335938,1228.9865915770295,1170.5727756774795,4512020
2016-09-18,1158.5622253417969,1177.128332577972,1136.8651057575278,6443988
2016-09-25,1177.0403564453125,1204.1826879547325,1139.9960197108633,5555095
2016-10-02,1179.2515869140625,1205.356917541174,1156.0916412655047,5074780
2016-10-09,1196.8638671875,1213.2823230131494,1168.1756411827012,3719499
2016-10-16,1192.4248860677083,1218.7614844869947,1179.6723182248666,4681948
2016-10-23,1186.3063232421875,1199.8775612747738,1174.1441144540943,4625865
2016-10-30,1175.396533203125,1197.6758861884055,1145.8666105143864,4138955
2016-11-06,1197.0887145996094,1209.808646386801,1160.6903410438945,5258115
2016-11-13,1180.48447265625,1202.6660699226654,1125.2214662159809,6626012
2016-11-20,1073.913818359375,1174.0952168036256,1052.8158168968762,9501300
2016-11-27,1039.773095703125,1084.1265547944267,1014.3625658656991,7304537
2016-12-04,1043.843408203125,1072.9720141081789,1020.0377292813289,7075390
2016-12-11,1067.2480712890624,1092.8834611644259,1029.6266125738416,4555480
2016-12-18,1058.8236328125,1084.9093070557221,1034.2741988281828,5580662
2016-12-25,1050.0468505859376,1076.2497340650634,1014.6560985040754,5155571
2017-01-01,1060.545703125,1091.9050427949676,1026.2020445493863,5416609
2017-01-08,1088.00107421875,1130.113675139441,1058.7356240691634,5669343
2017-01-15,1172.0502685546876,1212.4507671733188,1113.577901440009,11867867
2017-01-22,1193.7131103515626,1213.9669638486748,1176.1009406683136,4890189
2017-01-29,1223.4459228515625,1241.6574248330378,1185.8855960501269,6600395
2017-02-05,1249.8177001953125,1287.1556468592437,1206.482027821187,7446149
2017-02-12,1289.0243408203125,1306.7246606676224,1268.8094112887704,5376515
2017-02-19,1300.1787109375,1336.4205370332768,1280.7956957424983,5228457
2017-02-26,1305.0000305175781,1318.9551149077008,1293.4665476756525,6319627
2017-03-05,1284.4647216796875,1318.8575261368837,1259.8077779831701,4764576
2017-03-12,1299.3567626953125,1314.062818459044,1275.75655081999,6468422
2017-03-19,1336.2371826171875,1365.8232566499996,1316.313345075406,4975684
2017-03-26,1354.1599853515625,1374.3357609189457,1339.9918479535575,6451673
2017-04-02,1380.030322265625,1400.1669221022426,1352.2227566891634,6505916
2017-04-09,1379.1912536621094,1397.182434587712,1363.0347170791586,3590431
2017-04-16,1400.48486328125,1413.2292737733571,1378.689830820009,2524951
2017-04-23,1399.423193359375,1413.8161716788813,1369.8837676525495,10018798
2017-04-30,1422.0842529296874,1451.486902603546,1400.607017621557,5041370
2017-05-07,1397.3660278320312,1423.6496725682232,1373.4551794218426,4921081
2017-05-14,1392.476220703125,1407.0160951708497,1371.596133061549,4244669
2017-05-21,1384.4039306640625,1417.0940834963305,1353.2010724086738,4161579
2017-05-28,1396.478125,1452.8075879992734,1345.5691887841353,4966444
2017-06-04,1456.995361328125,1487.200178717553,1438.6199460179107,2986017
2017-06-11,1484.14755859375,1504.861440259419,1463.277208066949,3282666
2017-06-18,1465.3220703125,1491.4076426405904,1453.1501232222226,3828516
2017-06-25,1468.208544921875,1488.7169712508196,1453.29696075753,3526934
2017-07-02,1452.8321533203125,1477.2691162959766,1430.7924644934592,3870558
2017-07-09,1477.6505859375,1496.93586045313,1441.0172688417472,4123295
2017-07-16,1536.6513427734376,1550.8487313271792,1493.6092321019541,6349533
2017-07-23,1541.306884765625,1555.7744810839283,1523.5097186400078,3669766
2017-07-30,1554.251953125,1608.173733782076,1509.2682106446384,6219296
2017-08-06,1626.5109375,1644.1705808266424,1587.6951635975831,3967233
2017-08-13,1607.0736328125,1644.7108508663732,1570.506892408313,3486905
2017-08-20,1601.3107299804688,1624.5270218414862,1565.8909690386022,3092126
2017-08-27,1613.4775085449219,1653.992382261837,1582.293385475112,3671340
2017-09-03,1632.119287109375,1665.5822487828086,1608.9101665926912,4102063
2017-09-10,1657.685498046875,1684.5873754845627,1628.9468285408725,3705910
2017-09-17,1710.1731201171874,1771.8541036069435,1661.0150133961474,10526012
2017-09-24,1700.3906982421875,1726.6739487847767,1663.8143614766793,5653671
2017-10-01,1655.17109375,1683.1632451887544,1611.9551156070922,6774868
2017-10-08,1660.3642883300781,1683.114097377099,1638.1794015620987,3246441
2017-10-15,1696.275341796875,1726.6738634231003,1644.1706976086718,7171655
2017-10-22,1675.3180541992188,1715.3295984072458,1650.1620148930265,5639237
2017-10-29,1610.334521484375,1676.828099495188,1544.3811106568703,10467255
2017-11-05,1609.2934326171876,1649.2289078452134,1589.266825648125,7116535
2017-11-12,1631.15673828125,1659.7872782317809,1613.2318745182454,7201953
2017-11-19,1597.0357177734375,1642.697329476406,1564.1229390122603,5372780
2017-11-26,1619.5964599609374,1652.8628996642256,1592.1151045014456,6912670
2017-12-03,1637.10869140625,1661.8498339858297,1619.37045980725,5846197
2017-12-10,1628.9664306640625,1655.7603594493603,1616.767740150117,4826779
2017-12-17,1629.4673828125,1667.0554769002367,1602.919144088386,9512211
2017-12-24,1633.8773681640625,1664.6983162236177,1601.1511444527937,4753750
2017-12-31,1624.1954956054688,1640.1437581181447,1615.7856093396492,3039684
2018-01-07,1619.1937744140625,1672.6539691110775,1589.2667669041575,5165642
2018-01-14,1686.3258544921875,1720.7807749924652,1654.9746608803105,9492487
2018-01-21,1643.8857421875,1679.8237650207727,1616.0803205801742,5251454
2018-01-28,1682.9790344238281,1707.8159833899394,1646.724295775583,5722306
2018-02-04,1726.3594970703125,1785.40825709075,1690.578666739513,9036429
2018-02-11,1645.8010009765626,1708.0614418428122,1606.454851689937,6879725
2018-02-18,1651.856201171875,1679.0380947348356,1615.8837352350188,3709547
2018-02-25,1593.9615478515625,1628.259346722122,1557.9351642029374,6126450
2018-03-04,1659.2962036132812,1678.4976332300644,1618.6339979487743,3227218
2018-03-11,1668.8135498046875,1701.1371277169617,1646.7734345500871,5995660
2018-03-18,1702.0406982421875,1722.1066667405044,1674.6181713469548,5358708
2018-03-25,1703.0031982421874,1731.4863807361467,1671.7698905621598,7031598
2018-04-01,1749.8205159505208,1774.8006291334395,1717.0484637518232,5028792
2018-04-08,1786.5377685546875,1808.7842058878296,1755.64809251098,3661243
2018-04-15,1823.49716796875,1838.5441484903438,1793.658514935531,3041997
2018-04-22,1811.3181396484374,1844.8791850535993,1769.005883938675,5698029
2018-04-29,1839.85048828125,1866.1435375352098,1776.568600147759,6183792
2018-05-06,1850.3303527832031,1869.2863691277855,1818.1148231934192,3740030
2018-05-13,1850.0553466796875,1876.898320685691,1810.159171567228,8162487
2018-05-20,1886.1603271484375,1916.7258997173524,1852.3929776742004,3657994
2018-05-27,1859.89677734375,1912.306060869328,1803.2838544959945,4151131
2018-06-03,1875.46435546875,1959.4506442518484,1825.0882858477403,7494478
2018-06-10,1868.2158935546875,1928.020837560745,1846.4998749372262,4824967
2018-06-17,1916.8991455078126,1950.6306651193825,1861.527193182876,6431608
2018-06-24,1928.6634033203125,1961.0818551263949,1889.8459512156091,3923466
2018-07-01,1936.8863037109375,1966.9976976333392,1902.4663939215554,4502329
2018-07-08,1932.4791015625,1963.0538508774187,1901.4310551114124,4230444
2018-07-15,1906.8735595703124,1942.3485939816712,1876.3874923460826,7693651
2018-07-22,1879.9496826171876,1923.1223354674396,1858.4637035639741,3974947
2018-07-29,1939.0384033203125,1968.635231120946,1883.7051615831144,6530080
2018-08-05,1980.8302734375,2017.3363297689095,1943.344313165673,5650755
2018-08-12,1971.6642333984375,2005.1609797653432,1942.3544656551676,3410410
2018-08-19,1971.3325500488281,1979.7216373970252,1943.0967488180659,2528293
2018-08-26,1943.1586608886719,1979.7215942109135,1902.067162291191,3311191
2018-09-02,1895.14794921875,1948.6895629242663,1843.1209069134145,7208357
2018-09-09,1853.67275390625,1899.394426141914,1806.49601337446,4799429
2018-09-16,1820.5520629882812,1862.7201487920631,1786.5008618346983,5250646
2018-09-23,1808.0550537109375,1870.144155470159,1713.4491249128166,7708214
2018-09-30,1671.8353759765625,1756.310142670319,1632.280531427269,16714802
2018-10-07,1603.1291198730469,1652.9687040377764,1535.6205742368163,17744927
2018-10-14,1601.81259765625,1649.9495319996827,1565.3659813938182,10055807
2018-10-21,1590.7310791015625,1678.7543008214084,1554.0814818393403,19396807
2018-10-28,1461.202880859375,1584.173354432064,1407.087221302464,23183838
2018-11-04,1426.973486328125,1539.1346332129651,1319.6329804189936,28437538
2018-11-11,1470.1165466308594,1519.4363302843608,1428.022749602174,7810836
2018-11-18,1485.850439453125,1517.7041550969025,1448.710854877144,7585832
2018-11-25,1527.1943359375,1553.9824359565473,1469.299927940352,6796910
2018-12-02,1595.061767578125,1657.4724740316701,1516.51634981075,9848537
2018-12-09,1590.0927001953125,1645.0002470738045,1515.5265363278859,7598844
2018-12-16,1564.653173828125,1611.4934354131585,1460.0446891475817,7033566
2018-12-23,1598.4371826171875,1635.9429255257464,1556.2592238779703,5441214
2018-12-30,1550.6293334960938,1584.2722427028439,1504.885451305087,5684480
2019-01-06,1559.9810546875,1588.7265907259152,1524.583555010491,8968072
2019-01-13,1548.082958984375,1593.6758730075505,1493.007196940914,19477195
2019-01-20,1493.8682373046875,1520.4261736703875,1456.0851982563945,10586122
2019-01-27,1480.713037109375,1502.5098241796259,1460.0447260559558,8540895
2019-02-03,1465.45927734375,1519.8324023224052,1415.7484971159806,10845463
2019-02-10,1501.90595703125,1541.3618007232599,1454.4520283979007,9103634
2019-02-17,1493.5020141601562,1515.278966552775,1461.0840875532126,5450217
2019-02-24,1467.498388671875,1509.438821298379,1440.247515582411,7692386
2019-03-03,1471.71513671875,1504.093563779986,1443.4149919170086,8104190
2019-03-10,1515.8975830078125,1531.314632751348,1492.6606148103049,6558504
2019-03-17,1604.7524658203124,1700.5809160795536,1487.1669104700266,27761677
2019-03-24,1695.8790893554688,1717.4085703805563,1677.1212344531948,7840106
2019-03-31,1738.0842590332031,1815.8006951611196,1651.6817531242334,13539724
2019-04-07,1741.224609375,1799.5670336094622,1705.7776463432235,11197974
2019-04-14,1730.87060546875,1780.363564511041,1708.59872442304,7379579
2019-04-21,1758.1083170572917,1805.258676640366,1715.230867593117,5424712
2019-04-28,1667.697705078125,1742.1550095172977,1628.3210972261022,12523531
2019-05-05,1558.8328450520833,1662.8672349788005,1531.1166976307413,11174299
2019-05-12,1474.7441650390624,1527.6522140476993,1415.5010126181144,13349753
2019-05-19,1373.2833984375,1437.2779060347173,1334.4312635198344,19153848
2019-05-26,1526.157568359375,1641.189227785539,1368.2846690330514,44900085
2019-06-02,1590.3796630859374,1631.1915988780477,1539.283072715857,14234462
2019-06-09,1577.7144470214844,1655.9876785925312,1467.023274314443,18370961
2019-06-16,1510.0821533203125,1586.3509252385832,1396.9411116850922,30859932
2019-06-23,1400.50458984375,1450.146114449732,1334.3324045411584,32172271
2019-06-30,1426.7260009765625,1469.9432661840146,1385.8050703706576,17143111
2019-07-07,1454.38271484375,1524.385645159363,1395.8027032092994,21859359
2019-07-14,1486.097802734375,1546.6575711008015,1442.3261845860673,25787633
2019-07-21,1453.7392822265624,1514.4870601411667,1392.932099046069,21913345
2019-07-28,1386.6564208984375,1418.2725676885248,1339.6282307684487,21596327
2019-08-04,1378.678173828125,1432.9225463623275,1298.697344675817,33877877
2019-08-11,1400.46416015625,1447.2260428015209,1336.3121204867969,25761961
2019-08-18,1397.5752360026042,1437.9097708588106,1345.5649630696716,9427166
2019-08-25,1365.4072265625,1450.7464572431827,1273.8188431000196,21167397
2019-09-01,1362.630908203125,1399.5986356027051,1261.0318563006567,29676484
2019-09-08,1318.68505859375,1381.1395699166326,1290.1881268139646,18803388
2019-09-15,1367.2580871582031,1405.0716221930634,1301.5819456636236,13337560
2019-09-22,1341.5448486328125,1447.2635691677058,1265.2609992481962,26379110
2019-09-29,1504.6904296875,1547.1211760764897,1454.8262619423454,30424003
2019-10-06,1294.2182922363281,1468.5585771699532,1182.2205333460397,44158412
2019-10-13,1244.2148132324219,1314.518170640485,1185.504302765164,39042004
2019-10-20,1289.6607177734375,1355.0183419471773,1221.8750543360022,24417003
2019-10-27,1300.74853515625,1351.1873408594545,1253.9169130245175,17556180
2019-11-03,1319.8791809082031,1379.049904981296,1257.9471477208722,22945834
2019-11-10,1357.327099609375,1446.8157831660096,1303.5720809288905,23584227
2019-11-17,1391.4761352539062,1455.273988655428,1339.0968768294679,17856657
2019-11-24,1418.75419921875,1494.6798121605066,1352.8292148518285,22540903
2019-12-01,1527.756640625,1573.839422162639,1439.0540717996287,24866640
2019-12-08,1520.621875,1588.7161827247573,1448.8557048687305,17132045
2019-12-15,1435.282666015625,1486.619424095501,1389.2994154678968,14848678
2019-12-22,1485.6343994140625,1501.098140284837,1470.9468134736496,13876432
2019-12-29,1507.1806640625,1532.4436084236759,1472.0911051436608,10093899
2020-01-05,1509.26787109375,1544.882184294922,1473.5341413790784,11630469
2020-01-12,1470.459228515625,1514.183596929071,1431.9889929690478,16773537
2020-01-19,1425.0730224609374,1577.222742045286,1310.5876338098203,53414908
2020-01-26,1322.20029296875,1361.1881045510004,1301.2337224766447,22509572
2020-02-02,1248.7524169921876,1305.5622526928548,1215.5561466424676,29794262
2020-02-09,1281.9985107421876,1339.4452787156913,1210.0831585692413,28169735
2020-02-16,1244.214794921875,1303.4726086992791,1165.453118264143,34410248
2020-02-23,1153.8105773925781,1203.0677403623301,1103.0110269786303,51136273
2020-03-01,1130.1671875,1183.6633565210425,1079.7259197263843,36234891
2020-03-08,1063.3665649414063,1131.3711752680017,909.3161994533585,41472332
2020-03-15,832.1591339111328,965.1906566658306,548.3958333189714,64080350
2020-03-22,520.1352294921875,754.9772244061063,372.9609241067564,168260118
2020-03-29,357.6564086914062,535.9074361015943,234.3942181507763,173300744
2020-04-05,353.29540252685547,425.60137191417255,308.6779283539746,124811826
2020-04-12,390.8726298014323,439.23415737511255,342.80962700181914,134744321
2020-04-19,433.94771575927734,476.55012525911184,369.4283665837869,109258359
2020-04-26,411.2322204589844,478.63982850551537,378.135415000414,113813789
2020-05-03,451.44891357421875,489.43659570499557,385.1010749094192,161392358
2020-05-10,430.268359375,475.3560379566813,406.49558545839915,109101031
2020-05-17,432.8456604003906,477.6447559393118,415.05338312373664,96750493
2020-05-24,355.64630737304685,416.64553952976496,328.38075456119856,137413668
2020-05-31,372.5753479003906,403.808810773685,340.32189523093183,134406984
2020-06-07,420.8348815917969,450.0309264433558,399.08212612152874,131788735
2020-06-14,490.9193115234375,545.8086589649865,441.8213798607909,262142887
2020-06-21,486.8692565917969,522.4239489865278,454.0610353494424,203443872
2020-06-28,489.5261657714844,527.8472212237726,458.73797934002005,188167082
2020-07-05,483.4660400390625,505.5073744853551,469.6839965122033,96148997
2020-07-12,531.4991821289062,574.6663342279119,490.0336493960449,202418638
2020-07-19,516.1349487304688,552.2767316780872,487.84443054761465,96517139
2020-07-26,517.8365600585937,538.9922438615321,497.54661461449854,91028739
2020-08-02,522.9612854003906,561.9789067821866,502.52207321725143,91325390
2020-08-09,496.01416015625,519.3889207619545,480.8787947564036,83238374
2020-08-16,513.0601257324219,527.8472388429366,497.6958781449585,51182854
2020-08-23,514.2343322753907,527.3994091811179,500.0343434989206,43132461
2020-08-30,578.1093627929688,685.6192533291278,513.4680890477686,164663526
2020-09-06,626.1524780273437,708.5064050593901,585.8114131094366,160976065
2020-09-13,605.912255859375,624.7194892267845,585.7616728785381,71588446
2020-09-20,615.9527587890625,637.8547611740037,597.0559197282204,60401004
2020-09-27,524.9614196777344,614.3705874922233,482.6202124907374,102317407
2020-10-04,550.0253448486328,594.1204285850192,513.6173884726221,114362220
2020-10-11,613.8133056640625,635.3670564010483,589.0951993218202,127748587
2020-10-18,607.3253051757813,629.3964503361628,590.4385271791904,64253010
2020-10-25,616.4303955078125,644.6213532679609,596.6081070788928,79222971
2020-11-01,596.6380004882812,630.1925334973422,568.1982389071691,80705765
2020-11-08,677.8674560546875,743.3346388981298,587.104984941067,139614252
2020-11-15,783.4070556640625,865.7310995090074,731.4432885706238,193216544
2020-11-22,806.3862457275391,841.7493926699395,768.4607346214995,95586149
2020-11-29,849.1528442382812,876.5776217235435,828.415086683928,110411189
2020-12-06,896.2555847167969,915.4857487105894,853.8894472060291,52037958
2020-12-13,919.4561767578125,948.8213989585092,900.5593422211346,54121700
2020-12-20,917.6351684570312,943.3484017600406,883.1950026791087,48335366
2020-12-27,843.7270965576172,901.5544517674881,809.657630427521,62714926
2021-01-03,890.4094482421875,918.1725288180043,848.8145429607729,48707182
2021-01-10,922.1926879882812,971.210985445018,878.6673085076244,51660095
2021-01-17,942.373193359375,978.1766535825594,902.1017628366176,50781395
2021-01-24,923.3569580078125,962.2551796985534,885.6329526168901,43565143
2021-01-31,825.4298400878906,907.8733044285738,785.1285605299792,60735219
2021-02-07,1005.4521484375,1079.676178450106,851.7998036763212,126810209
2021-02-14,1021.5627197265625,1054.3012945999512,998.6755094813935,42680855
2021-02-21,1047.0370849609376,1091.1196877353163,1021.1645966005923,60328695
2021-02-28,1057.5651611328126,1114.0068462773147,1013.0048774557582,48370283
2021-03-07,1069.3072509765625,1110.5240826029087,1020.4183151399003,37026229
2021-03-14,1021.3512725830078,1054.7988337316256,1000.0687115984183,35006170
2021-03-21,1014.3980346679688,1044.7484149056017,976.2859550578864,30529904
2021-03-28,960.7525634765625,1006.8850617500749,924.2923196902672,37757320
2021-04-04,964.8423868815104,992.1079434986375,945.3385467142277,18217878
2021-04-11,929.158349609375,984.0974572135386,912.9482688968163,32789964
2021-04-18,856.5513916015625,885.6330033647399,836.8734335165689,29654951
2021-04-25,836.5499877929688,860.5565931135909,807.020584326524,34203214
2021-05-02,904.2014282226562,954.145103941279,847.2721663682885,39521253
2021-05-09,916.6898315429687,962.9517052180533,894.588789987348,39454901
2021-05-16,920.8965911865234,952.3042482168033,883.7422534445107,22063800
2021-05-23,973.10166015625,1014.995082344596,892.6981367508607,42917125
2021-05-30,999.73037109375,1020.4681143019322,977.5796211244935,22758190
2021-06-06,1008.24833984375,1032.1604387594816,959.3196031684392,29663827
2021-06-13,1012.676513671875,1030.6180041883397,992.3567182888286,17396484
2021-06-20,1005.4223022460938,1044.8478938577666,955.2894840855464,24355875
2021-06-27,999.2228515625,1016.6867376136673,963.2999587906692,17063625
2021-07-04,1007.1836181640625,1022.508093089583,995.0932023238786,14563224
2021-07-11,1031.2947265625,1055.7939390677093,1007.0343236412898,16559751
2021-07-18,1046.2808349609375,1062.162546983601,1035.941848100069,9640011
2021-07-25,989.8316802978516,1029.6229002762768,972.206104922353,12029295
2021-08-01,979.7488891601563,1004.8451112622324,958.3245241923966,21042946
2021-08-08,1006.5964965820312,1042.8576790277389,980.6146240500274,23221369
2021-08-15,1030.3394287109375,1049.8233393577207,1014.9951357111955,14702579
2021-08-22,995.8250122070312,1024.8465404866138,970.6500244140625,10024223
2021-08-29,998.1799926757812,1013.9000244140625,964.0999755859375,11870605
2021-09-05,1002.0199951171875,1028.6500244140625,990.0,17362168
2021-09-12,998.0749969482422,1021.7999877929688,984.1500244140625,18412372
2021-09-19,1069.5599731445313,1186.5,992.6500244140625,49311272
2021-09-26,1140.22001953125,1189.3499755859375,1084.5999755859375,24368841
2021-10-03,1134.0166422526042,1177.949951171875,1114.0999755859375,7029524
